section 2
top right
0,0,0,0,3,31,255
0,0,1,15,127,255,255,255
7,63,255,255,255,255,255

bottom right
255,31,3,0,0,0,0,0
255,255,255,127,15,1,0,0
255,255,255,255,255,255,63,7

top left
224,252,255,255,255,255,255,255
0,0,128,240,254,255,255,255
0,0,0,0,0,192,248,255

bottom left
255,255,255,255,255,255,252,224
255,255,255,254,240,128,0,0 
255,248,192,0,0,0,0,0 

==================================================================
Section 3
top right
0,0,0,0,0,0,7,255
0,0,0,0,0,7,255,255
0,0,0,0,7,255,255,255
0,0,0,7,255,255,255,255

0,0,0,7,255,255,255,255
0,0,7,255,255,255,255,255
0,7,255,255,255,255,255,255
7,255,255,255,255,255,255,255

Top left
0,0,0,0,0,224,255,255
0,0,0,0,0,0,224,255
0,0,0,224,255,255,255,255
0,0,0,0,224,255,255,255

bottom half
224,255,255,255,255,255,255,255
0,224,255,255,255,255,255,255
0,0,224,255,255,255,255,255
0,0,0,224,255,255,255,255

bottom left
255,255,255,255,224,0,0,0
255,255,255,224,0,0,0,0
255,255,224,0,0,0,0,0
255,224,0,0,0,0,0,0

bottom half
255,255,255,255,255,224,0,0
255,255,255,255,224,0,0,0
255,255,255,255,255,255,255,224
255,255,255,255,255,255,224,0

bottom right
255,255,255,7,0,0,0,0
255,255,255,255,7,0,0,0
255,7,0,0,0,0,0,0
255,255,7,0,0,0,0,0

bottom half
255,255,255,255,7,0,0,0
255,255,255,255,255,7,0,0
255,255,255,255,255,255,7,0 
255,255,255,255,255,255,255,7

